tEnd: 500.
enableConvergenceTest: True
targetTolerance: 1.0e-7
max_step: 0.0005
# In AU year units
G: 2.246348460536e+08
# In AU year units
GMS: 4.466863913775E+38
